New file created: 17/05/2020 18:59:09
Location Name: Denver County Colorado United States  
latitud: 39.7392358
longitude: -104.990251
ip: 1234
