New file created: 17/05/2020 21:36:11
Location Name: Israel Italy  
latitud: 41.87194
longitude: 12.56738
ip: 1234
