New file created: 17/05/2020 19:06:30
Location Name: Dallas Dallas County Texas United States China  
latitud: 35.86166000000001
longitude: 104.195397
ip: 1234
