New file created: 17/05/2020 20:05:44
Location Name: Detroit Wayne County Michigan United States  
latitud: 42.33142699999999
longitude: -83.0457538
ip: 1234
