New file created: 17/05/2020 15:41:45
Location Name: Dallas  US 
latitud: 32.7766642
longitude: -96.79698789999999
ip: 1234
