New file created: 17/05/2020 18:56:25
Location Name: Veracruz Mexico  
latitud: 19.5437751
longitude: -96.91018059999999
ip: 1234
