New file created: 17/05/2020 18:58:33
Location Name: Brummen Gelderland Netherlands 6961  
latitud: 52.10312589999999
longitude: 6.060006899999999
ip: 1234
