New file created: 17/05/2020 20:57:27
Location Name: District XVI. Budapest Hungary  
latitud: 47.51830289999999
longitude: 19.191941
ip: 1234
